0 98.4032 96.3216
1 98.1180 90.3621
2 98.3462 94.3541
3 98.2321 92.1300
4 98.2606 83.0910
5 98.2606 87.5962
6 98.2606 86.5127
7 98.1466 89.3071
8 98.1466 88.7938
9 98.1180 89.0790
10 98.4032 84.5737
11 98.4887 78.2150
12 98.2891 74.3085
13 98.4317 79.4126
14 98.5743 73.8238
15 98.4602 60.0228
16 98.4602 61.0208
17 98.3462 56.8577
18 98.4032 39.7206
19 98.4032 42.7146
20 98.2321 42.1443
21 98.3176 41.6310
22 98.3176 43.4559
23 98.2321 19.5609
24 98.3462 13.8295
25 98.2891 13.8865
26 98.1751 27.3168
27 98.2891 29.6835
28 98.2891 61.5056
29 98.2606 17.6504
30 98.3462 32.6775
31 98.2891 17.1086
32 98.2606 20.4733
33 98.2321 24.6935
34 98.2606 18.9621
35 98.0040 18.4203
36 98.1751 18.8480
37 98.4032 4.7049
38 98.2891 10.2652
39 98.3462 2.8514
40 98.4317 1.9675
41 98.4887 2.4237
42 98.4887 3.2221
43 98.4317 7.1856
44 98.2891 3.3077
45 98.2606 4.5338
46 98.2321 5.3892
47 98.2036 4.5623
48 98.2036 3.4788
49 98.2606 2.2241
50 98.3462 2.2812
51 98.4032 4.1346
52 98.3176 1.8534
53 98.2606 0.0570
54 98.3176 0.2281
