0 97.4839 90.9677
1 97.0323 82.2581
2 96.7742 83.0323
3 97.2903 89.6129
4 97.4839 85.2258
5 97.4194 87.6129
6 96.6452 77.9355
7 98.0000 84.2581
8 97.4194 86.7742
9 97.8710 85.0968
10 97.4839 85.5484
11 97.4839 85.7419
12 96.9032 85.0968
13 97.4194 81.5484
14 97.6774 83.2903
15 97.3548 85.1613
16 97.7419 82.1290
17 97.4194 81.9355
18 96.8387 76.7097
19 96.7742 78.1936
20 97.4839 77.9355
21 97.2258 81.6774
22 98.0000 88.5807
23 96.9032 79.6129
24 97.1613 82.2581
25 97.0323 79.6774
26 96.5161 77.2258
27 96.7097 78.6452
28 97.2903 82.9677
29 97.1613 77.8065
30 96.9677 74.3871
31 96.5161 72.7742
32 95.9355 68.1936
33 96.0000 65.3548
34 96.1290 60.2581
35 96.1290 70.0645
36 97.1613 73.4839
37 96.2581 59.0968
38 96.9677 63.7419
39 96.0000 54.9677
40 96.3871 77.3548
41 97.2903 82.4516
42 96.7097 70.6452
43 96.7097 78.1936
44 96.1936 61.1613
45 97.4194 81.2258
46 95.9355 73.3548
47 96.7742 75.5484
48 96.9032 76.1290
49 96.3226 75.9355
50 96.1936 75.3548
51 96.5161 75.6129
52 96.1290 76.9677
53 96.2581 76.1936
54 96.2581 84.1936
55 96.5161 75.6129
56 95.8710 71.4839
57 95.9355 64.3226
58 96.2581 78.9032
59 96.4516 78.3226
60 97.2903 75.6129
61 96.5807 81.6774
62 97.2258 74.6452
63 96.2581 73.3548
64 96.4516 76.1290
65 96.0000 75.1613
66 96.5161 66.3226
67 96.2581 64.4516
68 95.0323 58.6452
69 95.4194 78.1290
70 96.1936 76.7097
71 96.5161 73.8065
72 96.7097 77.4839
73 97.6774 76.7742
74 95.6774 76.1290
75 96.7742 78.9677
76 97.6774 76.3871
77 97.0968 81.8710
78 97.4839 71.6774
79 96.4516 55.2903
80 96.7742 83.2258
81 96.6452 75.1613
82 97.0323 78.5807
83 96.8387 78.1936
84 96.3226 72.3871
85 95.9355 67.7419
86 96.3226 67.9355
87 96.7742 78.9677
88 96.7742 76.4516
89 96.1936 79.8710
90 96.5161 74.8387
91 96.5807 74.0000
92 96.4516 72.1290
93 96.3871 79.6774
94 96.2581 67.0323
95 96.5807 80.5807
96 96.1290 76.6452
97 96.6452 83.5484
98 94.9032 65.6774
99 95.9355 64.7097
100 95.3548 87.3548
101 95.2903 61.7419
102 96.0000 67.6129
103 95.7419 83.4194
104 96.7097 88.4516
105 96.6452 79.9355
106 96.4516 80.0645
107 96.1290 85.3548
108 96.5161 69.2258
109 95.9355 79.0968
110 95.7419 76.9677
111 96.6452 76.7742
112 96.2581 79.2903
113 96.1290 62.3871
114 96.5161 64.6452
115 97.1613 73.2258
116 96.1290 73.6129
117 96.3871 62.7097
118 95.3548 82.5161
119 96.0645 75.1613
120 95.6774 81.3548
121 95.2903 64.0645
122 96.0645 86.4516
123 95.6774 76.7742
124 96.5807 76.2581
125 95.5484 60.6452
126 95.4194 63.4194
127 95.9355 73.6129
128 94.9677 52.2581
129 95.2258 55.9355
130 95.0968 79.1613
131 96.7097 73.4194
132 96.9677 69.6774
133 95.6129 80.2581
134 96.0000 74.4516
135 95.2903 76.0645
136 96.0000 70.9032
137 95.9355 75.9355
138 94.1936 66.6452
139 94.4516 77.4194
140 95.9355 81.4194
141 95.9355 80.7742
142 96.2581 81.6129
143 96.1936 88.9032
144 95.4839 81.8065
145 94.6452 67.0323
146 94.5807 69.1613
147 95.7419 68.3226
148 95.4194 72.3226
149 95.6129 71.8065
150 95.6129 74.2581
151 94.9032 74.9032
152 95.5484 70.3226
153 95.1613 65.6774
154 95.3548 83.8710
155 95.2258 72.3871
156 95.8065 81.3548
157 95.3548 82.8387
158 94.7742 84.4516
159 95.2258 86.5161
160 93.9355 82.2581
161 94.2581 82.8387
162 95.5484 87.4839
163 94.5807 76.7742
164 94.9032 73.1613
165 95.4839 72.5161
166 94.2581 80.0645
167 96.4516 84.9032
168 95.8710 82.0645
169 96.2581 77.0968
170 95.4194 69.1613
171 95.6129 74.6452
172 94.7742 76.8387
173 94.0000 64.2581
174 95.0968 74.1936
175 95.4194 71.4839
176 95.4839 73.8065
177 94.0000 71.0323
178 94.3226 78.0000
179 95.8710 76.5807
180 94.5161 65.0323
181 94.7742 76.5807
182 94.7742 73.1613
183 95.2258 67.9355
184 95.7419 70.4516
185 94.9677 60.1290
186 94.7097 60.5161
187 94.5161 63.2903
188 93.8065 62.1290
189 94.5807 63.7419
190 94.7097 77.8710
191 94.3226 63.6129
192 94.8387 52.7742
193 94.5161 63.2258
194 94.7097 63.9355
195 93.5484 44.9677
196 94.4516 76.0000
197 95.2903 71.3548
198 95.8710 71.3548
199 94.3871 69.2903
200 94.9032 52.3226
201 94.7097 73.1613
202 94.9677 80.9032
203 92.9032 65.5484
204 93.8710 71.2903
205 93.1613 74.3871
206 93.2258 72.6452
207 94.5161 64.3226
208 94.0000 61.2903
209 93.4839 53.0968
210 93.2903 49.8710
211 93.8065 56.5161
212 92.7742 61.6129
213 93.6774 56.3226
214 93.0968 59.6129
215 94.7097 65.6774
216 93.3548 44.0000
217 93.1613 60.0645
218 92.5161 72.3871
219 92.5807 40.7097
220 92.9032 62.1290
221 91.6774 59.5484
222 91.2258 42.0000
223 91.9355 48.2581
224 92.6452 24.7097
225 91.4194 24.7097
226 91.5484 30.1290
227 92.2581 18.8387
228 92.7097 24.3871
229 92.0645 24.9032
230 91.5484 16.6452
231 93.1613 28.3871
232 92.5161 22.0000
233 92.1936 37.2903
234 90.8387 39.8065
235 91.2258 33.0323
236 91.0323 46.1290
237 92.0000 37.4839
238 91.7419 30.8387
239 91.4839 32.0645
240 91.5484 28.9677
241 91.6774 35.1613
242 92.3871 40.7742
243 92.3226 30.0000
244 91.7419 41.8710
245 90.9032 50.3226
246 90.4516 49.0968
247 90.9677 65.7419
248 90.2581 57.1613
249 90.5161 57.6774
250 91.3548 60.0645
251 91.8710 50.4516
252 91.4839 48.9032
253 91.0968 50.0645
254 91.2903 53.7419
255 91.2258 51.3548
256 91.5484 34.3871
257 90.9032 32.0645
258 92.1290 19.6774
259 91.2258 20.9032
260 89.3548 26.0000
261 90.3871 24.5806
262 89.8065 36.3226
263 92.1290 38.3226
264 90.7742 54.3871
265 90.9677 39.8065
266 92.3871 16.1935
267 91.6129 15.6774
268 90.7097 16.9677
269 91.0323 6.3226
270 90.0000 15.9355
271 89.9355 8.9677
272 91.8065 7.7419
273 91.4839 32.9032
274 91.1613 20.0645
275 90.9032 22.3871
276 91.2258 25.3548
277 90.5161 25.9355
278 90.9677 26.9032
279 90.5807 26.9032
280 89.9355 25.5484
281 90.7097 17.6129
282 90.2581 14.1290
283 89.9355 16.0645
284 88.8387 18.3871
285 90.9677 2.0645
286 90.8387 4.4516
287 88.3871 1.9355
288 89.2258 13.0323
289 90.3871 14.5806
290 89.4839 7.6774
291 89.4839 6.5161
292 90.5807 5.8710
293 89.8065 23.0968
294 89.6774 17.5484
295 88.4516 13.1613
296 88.7097 9.0968
297 89.7419 1.7419
298 89.5484 1.2903
299 89.6774 0.5161
300 89.0323 3.8710
301 91.0323 4.5161
302 90.3226 5.5484
303 89.2258 3.8065
304 91.3548 5.8710
305 88.7742 4.6452
306 89.4194 6.1290
307 89.2903 3.7419
308 90.0645 2.1290
309 88.2581 8.6452
310 90.2581 8.3871
311 90.3871 2.1290
312 88.9032 1.6774
313 89.4839 2.3226
314 88.1290 2.5806
315 89.9355 0.3226
316 90.0000 0.5806
317 89.1613 6.1935
318 87.1613 11.7419
319 88.6452 9.8065
320 89.2258 5.5484
321 88.2581 0.4516
322 88.4516 8.4516
323 87.9355 3.4194
324 88.3871 1.5484
325 86.1290 3.2903
326 85.8710 2.7742
327 85.1613 1.6774
328 84.2581 1.8065
329 87.2258 1.9355
330 85.0323 0.2581
331 86.6452 0.0645
332 85.8065 2.5806
333 83.7419 1.1613
334 85.2903 2.1935
335 86.0000 0.3226
336 84.3871 1.1613
337 86.4516 0.1290
338 86.1936 5.8710
339 87.0323 4.3226
340 86.2581 4.7742
341 84.1290 0.1935
342 84.3871 0.1935
343 84.2581 0.0000
344 84.3871 0.0000
345 83.3548 0.0000
346 83.6129 0.0000
347 84.5807 0.0000
348 85.0323 0.0000
349 83.7419 0.0000
350 83.7419 0.0645
351 85.0968 0.1290
352 84.5807 0.2581
353 85.7419 0.0000
354 84.6452 0.3871
355 84.8387 4.2581
356 83.7419 3.2903
357 83.2903 0.6452
358 83.2903 0.9032
359 86.1936 0.2581
360 83.8065 0.3226
361 85.5484 0.8387
362 85.0968 0.0645
363 81.8065 0.0000
364 78.7097 0.0000
365 81.6129 0.0000
366 81.7419 0.0000
367 81.2258 0.0000
368 79.7419 0.0000
369 77.0968 0.0000
370 78.5807 0.0000
371 77.0968 0.0000
372 77.4194 0.0000
373 77.6774 0.0000
374 78.7097 0.0000
375 79.6129 0.0000
376 77.6774 0.0000
377 77.7419 0.0000
378 77.3548 0.0000
379 77.7419 0.0000
380 78.8387 0.1935
381 78.6452 0.0000
382 77.3548 0.0000
383 78.3226 0.0000
384 77.3548 0.0000
385 74.7742 0.0000
386 76.3226 0.0000
387 75.2903 0.0000
388 80.2581 0.0000
389 77.4194 1.4194
390 79.3548 2.6452
391 78.0645 0.0000
392 79.0323 0.0000
393 78.8387 0.0000
394 77.1613 0.0000
395 75.3548 0.0000
396 77.2903 0.2581
397 78.0645 0.0000
398 77.4839 0.0000
399 75.7419 0.0000
400 77.6774 0.0000
401 75.6774 0.0000
402 75.1613 0.0000
403 76.6452 0.0000
404 77.4194 3.2903
405 76.6452 0.0000
406 76.9677 0.1935
407 73.5484 0.0000
408 78.0000 0.0000
409 76.2581 0.0000
410 75.8065 0.0000
411 75.8065 0.0000
412 76.4516 0.0645
413 76.7097 0.0000
414 76.6452 0.0000
415 77.6774 0.0000
416 77.2258 0.0000
417 78.1936 1.0323
418 77.7419 0.7097
419 75.0968 0.0000
420 72.5807 0.0000
421 71.8710 0.0000
422 71.0968 0.0000
423 70.7097 0.0000
424 70.1936 0.0000
425 70.3226 0.0000
426 69.6774 0.0000
427 68.9677 0.0000
428 68.0000 0.0000
429 69.8065 0.0000
430 70.6452 0.0000
431 68.7742 0.0000
432 65.8065 0.0000
433 68.1936 0.0000
434 69.6774 0.0000
435 68.7742 0.0000
436 69.8710 0.0000
437 67.8065 0.0000
438 68.5807 0.0000
439 66.1936 0.0000
440 68.9032 0.0000
441 68.8387 0.0000
442 70.3226 0.0000
443 68.0645 0.0000
444 70.7097 0.0000
445 71.1613 0.0000
446 69.0968 0.0000
447 68.7742 0.0000
448 70.1290 0.0000
449 66.1290 0.0000
450 65.2258 0.0000
451 61.4194 0.0000
452 60.7097 0.0000
453 63.4194 0.0000
454 56.6452 0.0000
455 58.3226 0.0000
456 55.4839 0.0000
457 62.1936 0.0000
458 61.2258 0.0000
459 61.4194 0.0000
460 59.1613 0.0000
461 59.6774 0.0000
462 60.1936 0.0000
463 59.8710 1.4839
464 58.3871 0.0000
465 58.6452 0.0000
466 58.5806 0.0000
467 59.1613 0.0000
468 59.1613 0.0000
469 61.5484 0.0000
470 60.5806 0.0000
471 61.6129 0.0000
472 63.2903 0.0000
473 62.7742 0.0000
474 65.6129 0.0000
475 62.9677 0.0000
476 61.5484 0.0000
477 60.5806 0.0000
478 59.0968 0.0000
479 61.2903 0.0000
480 61.8710 0.0000
481 57.3548 0.0000
482 58.7742 0.0000
483 60.7097 0.0000
484 59.4839 0.0000
485 56.5806 0.0000
486 55.5484 0.0000
487 58.4516 0.0000
488 54.0000 0.0000
489 49.2903 0.0000
490 53.2258 0.0000
491 52.4516 0.0000
492 49.8065 0.0000
493 54.0645 0.0000
494 53.4194 0.0000
495 51.0323 0.0000
496 50.3871 0.0000
497 45.6774 0.0000
498 47.0968 0.0000
499 42.8387 0.0000
500 41.5484 0.0000
501 37.2903 0.0000
502 34.6452 0.0000
503 38.9677 0.0000
504 35.4839 0.0000
505 25.3548 0.0000
506 22.0000 0.0000
507 28.6452 0.0000
508 22.2581 0.0000
509 12.7742 0.0000
510 12.9032 0.0000
511 9.3548 0.0000
